2 0.855070 0.390618 0.188818 0.098202
2 0.413311 0.300117 0.064986 0.056935
0 0.975471 0.410126 0.030618 0.110357
2 0.736648 0.328049 0.118515 0.060768
2 0.779493 0.351516 0.115199 0.067723
2 0.800382 0.352176 0.111303 0.063805
2 0.767889 0.345553 0.111831 0.061134
0 0.994639 0.413986 0.010723 0.108891
0 0.821864 0.415263 0.022731 0.061777
2 0.817724 0.368266 0.119315 0.070622
0 0.812090 0.411832 0.022666 0.065672
0 0.394371 0.457879 0.032098 0.144254
0 0.980760 0.409798 0.037185 0.116049
0 0.824460 0.413402 0.020233 0.053562
0 0.398712 0.386603 0.023954 0.082753
0 0.385405 0.450388 0.033876 0.163921
0 0.992563 0.414584 0.014873 0.113134
0 0.405974 0.464365 0.036672 0.123289