2 0.828396 0.580481 0.096320 0.059266
2 0.300740 0.613207 0.190871 0.091667
2 0.229408 0.580545 0.116430 0.061435
0 0.492088 0.614078 0.021513 0.098442
0 0.517332 0.651897 0.027559 0.098171
0 0.469537 0.616439 0.020540 0.100247
0 0.527780 0.611574 0.022884 0.090239
0 0.259655 0.649783 0.021422 0.056740
2 0.186071 0.561837 0.111323 0.057771
0 0.459254 0.621909 0.020778 0.090201
0 0.511137 0.651958 0.025424 0.097970
0 0.530816 0.619321 0.021060 0.102077
0 0.492367 0.603792 0.017626 0.091751
0 0.265338 0.650064 0.023322 0.057585
0 0.524312 0.607346 0.019769 0.083400
2 0.273028 0.600309 0.140512 0.066988
1 0.432248 0.638654 0.033939 0.051425
0 0.540807 0.632056 0.024811 0.098009
0 0.481764 0.615136 0.023322 0.101672
0 0.522344 0.649465 0.023075 0.094303
2 0.300745 0.603086 0.166066 0.067646
2 0.257609 0.595948 0.122331 0.058548
0 0.487651 0.616869 0.025277 0.100367
0 0.471810 0.603454 0.016384 0.082773
0 0.509605 0.608529 0.019359 0.083840
2 0.215821 0.576059 0.100629 0.051871
1 0.437134 0.639718 0.026319 0.051256
0 0.273877 0.641728 0.019987 0.054834
0 0.456808 0.621165 0.014993 0.081567
0 0.514917 0.645717 0.020085 0.104323