2 0.781393 0.621456 0.097896 0.060188
0 0.374156 0.571053 0.027177 0.106594
3 0.235291 0.533276 0.164610 0.084478
0 0.416540 0.598083 0.025651 0.099809
2 0.194435 0.502671 0.098280 0.058041
0 0.442822 0.564485 0.022359 0.084939
2 0.187207 0.490464 0.106037 0.051001
0 0.418008 0.540656 0.016981 0.058732
0 0.440644 0.592180 0.021651 0.072608
0 0.370371 0.577541 0.020014 0.094400
0 0.369851 0.591078 0.019037 0.069846
0 0.393514 0.567823 0.018654 0.098733
2 0.239006 0.529278 0.137009 0.075347
0 0.429256 0.583451 0.015654 0.085799
0 0.184713 0.543692 0.022466 0.064136
0 0.456989 0.615358 0.017636 0.057217
0 0.435487 0.591322 0.018487 0.079383
0 0.377831 0.576545 0.025298 0.095349
0 0.393600 0.551371 0.017294 0.073110