0 0.896724 0.575970 0.011876 0.015938
0 0.885003 0.238579 0.010912 0.014823
0 0.379418 0.113516 0.008679 0.014406
0 0.875087 0.156782 0.026638 0.015588
0 0.658318 0.127062 0.010088 0.013430
0 0.899897 0.573542 0.017329 0.015795
0 0.746391 0.255489 0.009910 0.013577
0 0.834698 0.555673 0.009284 0.013111
0 0.979430 0.374219 0.009249 0.016933
0 0.833077 0.556412 0.009133 0.013752
0 0.817339 0.573581 0.009686 0.013751
0 0.205060 0.020517 0.008239 0.016459
0 0.981154 0.156473 0.029991 0.016773
0 0.993354 0.551440 0.012873 0.019875
0 0.447817 0.246206 0.010356 0.013722
0 0.915128 0.357383 0.010441 0.013995
0 0.910146 0.155380 0.025482 0.017550
0 0.381081 0.118323 0.008983 0.017819