2 0.306422 0.560728 0.147935 0.076610
2 0.786799 0.549231 0.092125 0.058782
2 0.245294 0.538080 0.128225 0.073036
0 0.471733 0.560090 0.025324 0.103137
2 0.192753 0.515768 0.107336 0.060613
0 0.448265 0.695269 0.034292 0.141336
0 0.505295 0.592800 0.023256 0.106210
0 0.426797 0.560514 0.026164 0.089211
0 0.393033 0.571718 0.023090 0.089478
0 0.395328 0.546216 0.019388 0.075114
0 0.471478 0.552272 0.020783 0.089203
0 0.386123 0.567822 0.018092 0.077734
0 0.431877 0.550634 0.019161 0.090186
0 0.278797 0.594704 0.023274 0.057550
0 0.383312 0.578904 0.018939 0.074488
0 0.379902 0.581011 0.017245 0.073524
0 0.389467 0.566868 0.020661 0.083541
0 0.459128 0.551065 0.016496 0.079452
0 0.274460 0.598796 0.023836 0.061748
2 0.262228 0.540045 0.130226 0.064769