2 0.623482 0.544247 0.089923 0.067461
2 0.654436 0.518612 0.079999 0.056031
0 0.623728 0.631210 0.020196 0.063076
0 0.519351 0.640299 0.018768 0.079677
2 0.567027 0.398982 0.063063 0.041483
0 0.523656 0.640289 0.019511 0.075581
0 0.527323 0.638713 0.016498 0.079088
0 0.558229 0.439646 0.015832 0.048934
0 0.640388 0.601450 0.017793 0.064738
3 0.696948 0.489499 0.064918 0.056735
0 0.630711 0.605110 0.018084 0.064440
0 0.624102 0.611887 0.016361 0.062754
2 0.691248 0.499339 0.064519 0.047425
0 0.642337 0.594609 0.017306 0.057462
0 0.620155 0.627907 0.021974 0.062848
0 0.659601 0.617478 0.018483 0.061697
2 0.694852 0.491635 0.063184 0.054738
0 0.514736 0.640730 0.018538 0.074835