2 0.630388 0.502146 0.073892 0.039308
0 0.469149 0.712662 0.054599 0.183415
2 0.352701 0.545304 0.091527 0.060216
2 0.902186 0.509598 0.065292 0.041396
0 0.473499 0.727648 0.048180 0.149953
3 0.256450 0.545565 0.091980 0.067947
3 0.170755 0.540201 0.094635 0.054883
0 0.337766 0.579139 0.020909 0.054356
2 0.309097 0.560480 0.067887 0.051706
0 0.462694 0.649677 0.030257 0.100597
0 0.004902 0.578226 0.009685 0.084722
2 0.170604 0.539935 0.094494 0.055047
0 0.463118 0.667067 0.040776 0.133393
0 0.510957 0.547617 0.022848 0.064148
3 0.342104 0.546410 0.113735 0.064369
2 0.253435 0.549638 0.085377 0.060521
2 0.243946 0.557178 0.067525 0.044854
2 0.307099 0.549723 0.063808 0.066052