2 0.593972 0.318961 0.118505 0.062406
2 0.532742 0.248089 0.086844 0.042354
0 0.697460 0.381776 0.023364 0.082128
0 0.295209 0.561615 0.043065 0.130875
0 0.288434 0.558697 0.040688 0.124399
0 0.528605 0.354056 0.020534 0.078906
2 0.559812 0.285194 0.111757 0.056772
0 0.300977 0.568856 0.030420 0.117384
0 0.591520 0.354047 0.024293 0.078069
2 0.584108 0.310072 0.116244 0.052973
0 0.549742 0.402700 0.023667 0.067145
0 0.555955 0.351910 0.018986 0.060656
0 0.523460 0.345560 0.020586 0.070804
2 0.546137 0.281615 0.086743 0.054535
2 0.563962 0.295217 0.114377 0.051613
0 0.598178 0.355650 0.025237 0.081332
0 0.562489 0.347228 0.019089 0.068749
2 0.299299 0.229276 0.050350 0.040875
0 0.538978 0.369575 0.013174 0.061120
0 0.554947 0.379751 0.022460 0.087572
0 0.537788 0.364586 0.017237 0.063533