2 0.163497 0.649702 0.167664 0.097900
2 0.586664 0.578919 0.090428 0.052507
2 0.091229 0.618350 0.132244 0.088565
2 0.040274 0.578715 0.080548 0.067645
0 0.286673 0.622928 0.021175 0.091952
0 0.379902 0.678933 0.021003 0.099405
2 0.904446 0.632619 0.080693 0.050539
0 0.301534 0.673185 0.020324 0.064348
0 0.352127 0.654071 0.019908 0.067352
0 0.152865 0.689040 0.027346 0.074223
0 0.143132 0.712486 0.033777 0.106164
0 0.334196 0.633594 0.020594 0.082610
0 0.352324 0.640110 0.018858 0.083378
0 0.352130 0.623103 0.019083 0.067788
0 0.157915 0.687685 0.025559 0.073004
0 0.291568 0.610662 0.018219 0.072243
0 0.388920 0.679356 0.019024 0.098608
0 0.334871 0.613370 0.018463 0.063957
0 0.150132 0.697200 0.026723 0.083648
0 0.140404 0.725831 0.029850 0.082083
0 0.304518 0.627373 0.017902 0.069369
0 0.378246 0.660355 0.018878 0.063637
0 0.339226 0.623177 0.020214 0.076685
0 0.380357 0.690493 0.026115 0.081674
0 0.303359 0.615006 0.019361 0.072349