2 0.598433 0.305627 0.085946 0.050601
2 0.096827 0.411941 0.088906 0.066785
2 0.202013 0.430464 0.131262 0.085520
2 0.143874 0.422362 0.087231 0.077957
3 0.904811 0.363232 0.076528 0.056884
0 0.219719 0.508792 0.028725 0.084479
0 0.428492 0.403677 0.022377 0.083651
0 0.354181 0.411998 0.017954 0.075340
2 0.191293 0.436284 0.091567 0.086770
0 0.218613 0.496865 0.024574 0.087122
0 0.215506 0.507742 0.024304 0.080065
0 0.477125 0.405124 0.019507 0.069215
0 0.369177 0.429200 0.017198 0.056068
0 0.030022 0.834157 0.034803 0.093769
0 0.476016 0.437121 0.019308 0.078265
2 0.904821 0.363274 0.077733 0.055158
0 0.190792 0.453099 0.017839 0.058297
0 0.186586 0.448013 0.022437 0.059161
0 0.372669 0.421830 0.019417 0.057608
0 0.214703 0.497487 0.021975 0.073892