0 0.569810 0.559434 0.018183 0.061379
0 0.663532 0.607321 0.022347 0.053970
2 0.596653 0.505672 0.075116 0.060558
0 0.361965 0.497602 0.019753 0.070303
0 0.578890 0.549920 0.018681 0.061379
0 0.593030 0.568871 0.019622 0.063218
0 0.597775 0.565285 0.017804 0.063513
0 0.016830 0.736415 0.021849 0.055593
0 0.589145 0.567598 0.018024 0.061653
0 0.138464 0.919837 0.016006 0.043848
0 0.584508 0.565890 0.016703 0.063635
0 0.573971 0.550437 0.018223 0.061463
0 0.024719 0.735994 0.017699 0.049908
2 0.622765 0.483515 0.058344 0.050726
0 0.093917 0.922446 0.018762 0.056214