2 0.170382 0.674198 0.200714 0.117235
2 0.677072 0.574978 0.098129 0.053600
2 0.090943 0.645584 0.140964 0.101469
0 0.296945 0.654738 0.036870 0.130640
0 0.439421 0.697890 0.029775 0.116704
2 0.045062 0.614282 0.089937 0.077895
0 0.365795 0.650083 0.023275 0.115704
0 0.382644 0.655156 0.024046 0.110196
0 0.381816 0.637775 0.025384 0.099061
1 0.336085 0.689381 0.027080 0.055069
0 0.350256 0.663284 0.019623 0.086288
0 0.337094 0.689257 0.028313 0.059725
0 0.147566 0.715233 0.036732 0.098132
0 0.436944 0.680928 0.024361 0.107128
0 0.366374 0.636191 0.019698 0.085975
0 0.447308 0.672851 0.028660 0.090565
0 0.154022 0.699158 0.030875 0.093399