2 0.914130 0.492763 0.171537 0.127298
2 0.879826 0.443197 0.153561 0.076488
2 0.907400 0.455416 0.180306 0.098472
2 0.835127 0.414651 0.123945 0.072496
2 0.913219 0.471195 0.169400 0.100499
2 0.499279 0.393557 0.067854 0.061644
0 0.532876 0.455179 0.037084 0.119042
2 0.911621 0.518529 0.174347 0.117152
2 0.860883 0.433146 0.150945 0.068293
0 0.469993 0.453233 0.033962 0.100536
0 0.800349 0.557324 0.039737 0.157083
0 0.885757 0.554313 0.037728 0.099054
0 0.804925 0.543345 0.042316 0.158405
0 0.458151 0.442377 0.017405 0.074917