2 0.473204 0.549738 0.088739 0.058453
0 0.098581 0.553926 0.021418 0.067033
0 0.308343 0.541363 0.024049 0.087681
2 0.986115 0.691803 0.027770 0.053773
4 0.954144 0.677833 0.058829 0.055816
2 0.774995 0.628799 0.073561 0.045904
0 0.255754 0.558742 0.021948 0.053581
4 0.957283 0.758161 0.085433 0.087286
2 0.953457 0.678478 0.058324 0.055269
0 0.102495 0.560418 0.023202 0.079606
0 0.223437 0.516378 0.022226 0.081302
0 0.284148 0.550129 0.021215 0.058788
0 0.251929 0.557805 0.021653 0.049617
2 0.036447 0.467896 0.072893 0.074800
3 0.035800 0.469069 0.071438 0.079219
0 0.250731 0.530728 0.016834 0.057955
1 0.282175 0.548045 0.024072 0.056548
3 0.102489 0.508724 0.170472 0.105017
0 0.224920 0.496967 0.019418 0.072458