2 0.652019 0.646744 0.094802 0.053100
2 0.252998 0.675162 0.178256 0.094343
2 0.962066 0.661040 0.071252 0.047552
4 0.148298 0.651073 0.119790 0.087396
0 0.499379 0.716839 0.024015 0.073684
0 0.457847 0.695620 0.019779 0.061324
0 0.405900 0.706687 0.020608 0.053689
0 0.497511 0.684782 0.020943 0.072128
2 0.148983 0.651360 0.121766 0.084121
0 0.432519 0.689463 0.023146 0.060460
0 0.381820 0.659444 0.025546 0.086413
0 0.251028 0.703162 0.018031 0.069448
0 0.239398 0.719520 0.021870 0.066986
0 0.455353 0.656334 0.016318 0.054577
0 0.399644 0.705668 0.020739 0.052547
0 0.244679 0.705809 0.024862 0.075642
3 0.068258 0.622178 0.113143 0.066040
0 0.498909 0.702122 0.023877 0.080431
2 0.067688 0.622111 0.110250 0.066035
2 0.176157 0.646020 0.100548 0.064676
0 0.390493 0.650328 0.018392 0.071863
2 0.226295 0.659847 0.126753 0.064694
0 0.391186 0.641931 0.016527 0.057014
0 0.238354 0.707995 0.020808 0.069490
0 0.383917 0.645370 0.022341 0.064631
2 0.667335 0.558789 0.074108 0.052022
4 0.066187 0.621406 0.108685 0.067314
3 0.661333 0.557560 0.078611 0.052540
0 0.376788 0.659698 0.021184 0.085097
0 0.437365 0.691909 0.021126 0.061631