2 0.311554 0.505953 0.143203 0.079317
2 0.682464 0.467287 0.085659 0.048503
2 0.154095 0.488929 0.087139 0.055470
2 0.969973 0.501721 0.058955 0.047553
2 0.219538 0.498265 0.085725 0.073962
2 0.211559 0.504883 0.071207 0.059380
0 0.497269 0.493846 0.015302 0.061103
0 0.305515 0.529932 0.019522 0.060428
0 0.427687 0.517915 0.017066 0.042475
0 0.504017 0.504216 0.016218 0.068032
0 0.299286 0.529960 0.022405 0.054393
0 0.508416 0.509634 0.017570 0.071089
0 0.471530 0.478158 0.014094 0.054432
2 0.240501 0.492158 0.092361 0.061634
0 0.432497 0.517199 0.015201 0.045388
0 0.474175 0.501165 0.015352 0.064986
0 0.502566 0.521746 0.024388 0.056040
0 0.472706 0.487810 0.017192 0.067397
0 0.436511 0.513563 0.014849 0.044681
0 0.299391 0.538470 0.021222 0.055374