2 0.304478 0.800590 0.127002 0.087926
2 0.137867 0.740487 0.105298 0.066815
2 0.233850 0.776553 0.126180 0.081074
0 0.491184 0.797404 0.022120 0.072785
0 0.512865 0.830545 0.024271 0.084614
0 0.573498 0.919355 0.025945 0.110279
0 0.444662 0.810029 0.018858 0.072521
0 0.453163 0.831611 0.024109 0.087770
0 0.461255 0.829999 0.023602 0.093292
0 0.460769 0.800055 0.022769 0.087215
0 0.447054 0.820805 0.020889 0.087668
0 0.308297 0.832938 0.023164 0.075817
0 0.461306 0.814198 0.024104 0.090579
0 0.457722 0.790657 0.022320 0.078114
0 0.990090 0.523157 0.018546 0.077837