2 0.582536 0.337614 0.146324 0.076602
0 0.743351 0.335803 0.024317 0.084836
2 0.431328 0.312826 0.092558 0.058272
2 0.497428 0.324815 0.099651 0.069479
0 0.361662 0.430594 0.032725 0.134750
0 0.686528 0.334641 0.024847 0.088240
0 0.713147 0.339738 0.022340 0.080351
0 0.775179 0.359118 0.020697 0.087204
2 0.570390 0.332443 0.116886 0.071712
2 0.111279 0.340906 0.052081 0.057045
0 0.774686 0.349251 0.017138 0.073887
0 0.739439 0.336244 0.021048 0.085018
0 0.361350 0.378927 0.026014 0.097220
0 0.574066 0.357275 0.024224 0.056366
0 0.362600 0.407329 0.032658 0.155475
2 0.514431 0.323268 0.077488 0.061226
0 0.690178 0.329496 0.021435 0.083675
2 0.533763 0.321375 0.076460 0.054735
2 0.958249 0.367985 0.080414 0.065329
2 0.973167 0.290824 0.050104 0.040908
2 0.904867 0.267867 0.088826 0.061378
0 0.708664 0.335275 0.019962 0.080448
2 0.933338 0.279074 0.068819 0.043268
2 0.486477 0.333522 0.077859 0.058272