2 0.617322 0.520070 0.096367 0.049821
2 0.164936 0.601849 0.164811 0.088549
2 0.087341 0.584109 0.104844 0.075923
2 0.948423 0.529185 0.079335 0.051141
2 0.039055 0.572770 0.078110 0.067787
0 0.352151 0.583109 0.023057 0.083723
2 0.124888 0.616706 0.092287 0.069406
0 0.380031 0.574498 0.018249 0.071433
0 0.381303 0.603173 0.021246 0.085033
2 0.568593 0.430711 0.081737 0.039972
0 0.384720 0.611944 0.022290 0.074893
0 0.263019 0.581528 0.020724 0.087324
0 0.387275 0.617203 0.021643 0.065862
0 0.263296 0.594433 0.021240 0.064070
0 0.348404 0.580245 0.017606 0.080047
0 0.395872 0.614912 0.018506 0.065533
2 0.151091 0.586822 0.131293 0.073810
0 0.324136 0.581476 0.021416 0.078917
2 0.169692 0.590224 0.140633 0.074731
0 0.325905 0.555530 0.019016 0.065779
0 0.325164 0.570513 0.020545 0.083217
0 0.141296 0.628509 0.038880 0.064183
0 0.149172 0.633620 0.021519 0.061842