0 0.280733 0.651343 0.028625 0.133516
2 0.492086 0.600912 0.098959 0.051198
2 0.804177 0.609249 0.066151 0.040400
2 0.053165 0.673878 0.106329 0.128336
3 0.156083 0.694754 0.192704 0.146768
0 0.462593 0.686615 0.026967 0.111402
0 0.382721 0.658585 0.025860 0.116162
2 0.781136 0.597801 0.067266 0.038779
0 0.354740 0.677609 0.026539 0.076034
3 0.975166 0.619540 0.047026 0.053771
0 0.179811 0.750419 0.028994 0.098347
0 0.385542 0.672734 0.023857 0.094072
0 0.462569 0.697304 0.023141 0.090198
2 0.789897 0.602648 0.056963 0.039561
0 0.184059 0.739778 0.030243 0.112988
1 0.330166 0.706714 0.037729 0.078211
0 0.424939 0.698349 0.028622 0.073061
2 0.974844 0.619343 0.046138 0.053564
1 0.325474 0.702569 0.032303 0.070915