2 0.197813 0.689680 0.174806 0.126253
2 0.553315 0.581334 0.094167 0.051895
2 0.867325 0.607135 0.066340 0.046540
0 0.404638 0.652741 0.018854 0.095880
0 0.316114 0.641653 0.026066 0.107260
2 0.085414 0.661474 0.138757 0.113120
3 0.085082 0.661519 0.138208 0.113553
0 0.356931 0.695089 0.021205 0.055938
0 0.405692 0.664245 0.018726 0.078437
0 0.198564 0.735455 0.021827 0.059403
0 0.462187 0.692665 0.025595 0.103709
0 0.202901 0.727228 0.027555 0.085811
0 0.377823 0.673247 0.025292 0.062945
0 0.208211 0.723444 0.027390 0.083186
0 0.342828 0.646791 0.015322 0.083522
0 0.340992 0.649859 0.017505 0.070973
0 0.201988 0.742267 0.026263 0.081217