2 0.617941 0.577622 0.097353 0.060266
2 0.161082 0.520984 0.187749 0.101133
0 0.419362 0.579934 0.033001 0.118212
0 0.307156 0.531439 0.032106 0.110431
0 0.361938 0.539955 0.026446 0.104302
2 0.056329 0.483990 0.100327 0.070793
2 0.943846 0.654881 0.075143 0.051526
0 0.320818 0.579335 0.024991 0.064999
2 0.139173 0.499874 0.137333 0.065898
0 0.303793 0.551280 0.032047 0.086300
2 0.082293 0.485474 0.104575 0.063648
0 0.379315 0.565373 0.025098 0.099165
0 0.301849 0.559212 0.027655 0.069969
0 0.420366 0.565954 0.021113 0.092168
2 0.070364 0.489491 0.119260 0.074898
2 0.019941 0.463029 0.039882 0.072372
2 0.171550 0.513966 0.156826 0.079305
2 0.100338 0.484501 0.101241 0.057648
0 0.358102 0.546850 0.028822 0.089964
0 0.312322 0.525492 0.029043 0.103798
0 0.382507 0.554207 0.022876 0.104082
0 0.144828 0.559786 0.024610 0.061572
0 0.325392 0.566565 0.021233 0.082676
0 0.414712 0.591100 0.029741 0.095474
0 0.148959 0.550427 0.024361 0.074810
0 0.361493 0.521582 0.021942 0.071456
0 0.313614 0.510343 0.027848 0.078502