0 0.303908 0.532010 0.029994 0.098654
2 0.076684 0.449072 0.100201 0.053294
0 0.355367 0.530143 0.021773 0.097270
2 0.661011 0.562690 0.100236 0.066409
2 0.170147 0.505052 0.158448 0.078915
2 0.140788 0.482019 0.108752 0.055572
0 0.336261 0.555307 0.022309 0.090804
2 0.118758 0.475850 0.121217 0.064359
0 0.329534 0.535592 0.021514 0.083636
2 0.106025 0.470425 0.102731 0.054368
2 0.149198 0.499309 0.118876 0.073842
0 0.332013 0.547654 0.022075 0.101344
0 0.349954 0.537460 0.023659 0.095872
2 0.092478 0.457485 0.100531 0.050552
3 0.171197 0.505925 0.155445 0.079395
0 0.317473 0.530993 0.022499 0.097051