2 0.135790 0.835940 0.105159 0.085868
2 0.418246 0.755028 0.084187 0.041661
2 0.228010 0.847854 0.100717 0.090102
2 0.832039 0.746272 0.056783 0.043854
0 0.412031 0.833698 0.021654 0.072853
0 0.364301 0.819681 0.018210 0.075507
3 0.968363 0.732310 0.051799 0.044263
3 0.912099 0.735379 0.046307 0.054339
2 0.026620 0.799549 0.053124 0.071539
0 0.516930 0.881158 0.020589 0.075096
0 0.510059 0.873682 0.016275 0.059184
0 0.513946 0.896746 0.022884 0.089939
2 0.683058 0.744770 0.051917 0.037426
2 0.859543 0.743223 0.057143 0.041192
0 0.310575 0.823756 0.016730 0.063244
0 0.345556 0.822579 0.016617 0.066664
0 0.516897 0.777000 0.018224 0.043247
0 0.314807 0.839071 0.018357 0.066681
0 0.309727 0.835695 0.015263 0.066051
0 0.385157 0.834724 0.018766 0.042161
0 0.457244 0.635302 0.015070 0.054783
0 0.993443 0.559505 0.012154 0.039451
0 0.332676 0.826098 0.015780 0.062961
0 0.550392 0.646338 0.013505 0.037002
0 0.720799 0.618392 0.013762 0.061637
2 0.867941 0.741879 0.044266 0.040781
0 0.329799 0.829992 0.015773 0.065948
0 0.435115 0.811060 0.017848 0.056646
0 0.343988 0.844088 0.017032 0.061181
0 0.629110 0.750015 0.010542 0.028727
0 0.443240 0.646301 0.012928 0.050902