2 0.250029 0.535341 0.111872 0.063531
2 0.205434 0.496133 0.109856 0.057517
2 0.144029 0.437421 0.085982 0.049983
0 0.346341 0.651094 0.018644 0.052644
0 0.395450 0.610548 0.021030 0.054084
0 0.327642 0.578670 0.021663 0.062351
0 0.322103 0.581179 0.017537 0.061420
0 0.325060 0.583753 0.021528 0.063560
0 0.392782 0.613995 0.019351 0.054154
0 0.300382 0.560246 0.019633 0.063816
0 0.303949 0.557319 0.020161 0.063050
0 0.347590 0.643077 0.019666 0.054554
0 0.241615 0.567030 0.014480 0.039829
0 0.398492 0.609337 0.018576 0.049054
2 0.236896 0.516130 0.084506 0.046348
0 0.319822 0.577122 0.015953 0.057356
0 0.235191 0.566916 0.017008 0.042216