2 0.073200 0.618459 0.083722 0.067465
2 0.186867 0.630339 0.087456 0.076935
2 0.836338 0.567915 0.057195 0.043768
2 0.962535 0.593186 0.051805 0.045678
2 0.451107 0.533779 0.076168 0.036232
2 0.698602 0.539262 0.054460 0.040097
2 0.264128 0.638118 0.085911 0.085064
2 0.874769 0.576276 0.053391 0.047592
0 0.379689 0.600766 0.016796 0.064729
0 0.418883 0.620994 0.014917 0.051524
0 0.530524 0.547941 0.013937 0.043591
0 0.517550 0.696836 0.020860 0.071976
0 0.353963 0.604675 0.014989 0.058694
0 0.519446 0.676779 0.017682 0.069005
0 0.333368 0.619906 0.015093 0.058554
2 0.917161 0.585111 0.066113 0.051538
0 0.419608 0.613076 0.014638 0.065094
0 0.347093 0.615595 0.016106 0.064397
0 0.349022 0.607796 0.017390 0.066361
0 0.526672 0.552105 0.015965 0.040884
0 0.355952 0.600894 0.014676 0.055570
0 0.400929 0.619476 0.017020 0.036983
0 0.653687 0.535571 0.009305 0.032633
0 0.259699 0.660450 0.019379 0.059814