2 0.349684 0.691957 0.085786 0.092210
2 0.207187 0.721803 0.086713 0.082567
4 0.443263 0.672201 0.084394 0.097301
0 0.592185 0.611984 0.018338 0.062412
0 0.675344 0.533621 0.018844 0.058082
0 0.589952 0.612126 0.019017 0.071045
0 0.540098 0.637805 0.020971 0.065667
0 0.512352 0.635990 0.018716 0.069435
0 0.511310 0.646053 0.019728 0.066088
0 0.652056 0.625502 0.018579 0.074372
0 0.538850 0.623362 0.023536 0.073955
0 0.646795 0.687529 0.033784 0.049800
0 0.511376 0.624895 0.017229 0.059765
0 0.532314 0.621586 0.018900 0.061708
0 0.453337 0.703573 0.018747 0.056527
0 0.536361 0.637168 0.022501 0.065637
2 0.441285 0.672213 0.081026 0.094788
0 0.495211 0.621744 0.015302 0.048891
1 0.918744 0.544838 0.020300 0.046515
0 0.567228 0.625428 0.020054 0.042843