0 0.945844 0.158602 0.012186 0.027372
0 0.542786 0.807693 0.011760 0.024466
0 0.991300 0.560093 0.013757 0.029813
0 0.793224 0.020177 0.007638 0.021970
0 0.956382 0.121523 0.008811 0.018880
0 0.792743 0.012191 0.009070 0.020126
0 0.569622 0.724450 0.011795 0.026266
0 0.007085 0.564524 0.013085 0.020661
0 0.340819 0.775291 0.014751 0.017908
0 0.089073 0.472484 0.009697 0.018935
0 0.228208 0.011915 0.011017 0.019128
0 0.078060 0.216630 0.007365 0.021433
0 0.168454 0.989656 0.016058 0.020658
0 0.593488 0.855496 0.011890 0.028933
0 0.018878 0.009054 0.010520 0.016251
0 0.492336 0.370460 0.009998 0.018973
0 0.165743 0.689923 0.013315 0.025659
0 0.190120 0.095004 0.007871 0.016882
0 0.890238 0.741308 0.011364 0.023784
0 0.867823 0.210991 0.009205 0.017968
0 0.185095 0.093608 0.009457 0.018713
0 0.970051 0.734180 0.016873 0.029362
0 0.557372 0.210201 0.008406 0.016727
0 0.970724 0.222130 0.010100 0.023578
0 0.954899 0.224458 0.011798 0.024085
0 0.845119 0.750382 0.010718 0.033471
0 0.242575 0.818482 0.013366 0.025102
0 0.082807 0.123653 0.007560 0.015415
0 0.969909 0.218487 0.010295 0.026917
0 0.469536 0.210048 0.009201 0.015730
0 0.955204 0.214882 0.010055 0.023274
0 0.419057 0.987985 0.017125 0.023139
0 0.153787 0.990203 0.015010 0.019593
0 0.167919 0.700166 0.012364 0.028479
0 0.532928 0.988738 0.015219 0.022525
0 0.508490 0.122433 0.009057 0.018366
0 0.579565 0.806727 0.012065 0.024086
0 0.142511 0.989928 0.017417 0.020144
0 0.393602 0.819345 0.010477 0.020566
0 0.018230 0.702640 0.011229 0.023528
0 0.517121 0.987995 0.013273 0.023448
0 0.922001 0.224599 0.009708 0.026430
0 0.584502 0.211921 0.007681 0.017806
0 0.633886 0.015569 0.008882 0.020215
0 0.327232 0.786595 0.013709 0.026831
0 0.507446 0.227933 0.009519 0.016918
0 0.845141 0.869554 0.011411 0.030355
0 0.006054 0.698751 0.011853 0.027732
0 0.844570 0.924107 0.012642 0.020920
0 0.510316 0.812029 0.009011 0.021462
0 0.853316 0.223718 0.008935 0.018992
0 0.393012 0.816203 0.010604 0.025432
0 0.843168 0.209641 0.009250 0.017023
0 0.532787 0.707672 0.012818 0.022177
0 0.844963 0.861326 0.011583 0.025163
0 0.638139 0.767575 0.017783 0.024569
0 0.842568 0.754201 0.011795 0.031872
0 0.221761 0.009935 0.012381 0.017064
0 0.642754 0.769380 0.026521 0.022142
0 0.944723 0.163754 0.010405 0.023537
0 0.273506 0.565530 0.012234 0.022795
0 0.586633 0.213379 0.007740 0.020833
0 0.370518 0.817636 0.021423 0.022483
0 0.691558 0.013239 0.008560 0.019924
0 0.957586 0.122792 0.010064 0.022082
0 0.636145 0.765374 0.013911 0.022986
0 0.869247 0.657349 0.009797 0.023369
0 0.633290 0.012984 0.009854 0.020189
0 0.657691 0.283787 0.008729 0.021039
0 0.957988 0.009711 0.012133 0.017934
0 0.682299 0.690300 0.010543 0.024126
0 0.345132 0.906154 0.011042 0.025979
0 0.047185 0.340392 0.009233 0.018219
0 0.668318 0.572604 0.010224 0.021541
0 0.077707 0.221703 0.007429 0.019729
0 0.960317 0.008737 0.013641 0.017328
0 0.359466 0.436679 0.008680 0.018607
0 0.141068 0.874710 0.012926 0.024464
0 0.940005 0.224289 0.011716 0.026502
0 0.477665 0.706998 0.017606 0.021299
0 0.804967 0.211353 0.008916 0.017812
0 0.218418 0.124965 0.009003 0.013437
0 0.919049 0.755205 0.010915 0.025865
0 0.706797 0.010762 0.009976 0.018589
0 0.429043 0.934912 0.011960 0.025040
0 0.492166 0.363186 0.009217 0.022214
0 0.556081 0.821759 0.010252 0.018746
0 0.474438 0.705288 0.013930 0.021139
0 0.245742 0.815557 0.013233 0.026161
0 0.017380 0.317513 0.010173 0.023315