2 0.663353 0.478525 0.090471 0.050296
2 0.118211 0.513466 0.088508 0.060156
2 0.968005 0.512490 0.062030 0.051258
2 0.170992 0.527598 0.086809 0.074017
3 0.249360 0.538576 0.143930 0.080319
0 0.432838 0.560822 0.018092 0.048122
0 0.367184 0.544771 0.016504 0.046421
0 0.364066 0.545109 0.020749 0.044456
0 0.355271 0.502733 0.016547 0.068284
0 0.225778 0.571375 0.016091 0.042120
0 0.436563 0.563738 0.017282 0.047910
0 0.353824 0.508716 0.014460 0.062260
2 0.158437 0.537061 0.062660 0.056402
2 0.243805 0.536015 0.125615 0.079974
2 0.197661 0.527096 0.094339 0.067153
0 0.428109 0.541694 0.015685 0.084367