2 0.650836 0.611206 0.101238 0.056671
2 0.063143 0.648466 0.123906 0.079397
2 0.142872 0.679813 0.183038 0.104692
0 0.336014 0.707640 0.025413 0.069025
2 0.113015 0.662221 0.121917 0.070360
2 0.975887 0.612856 0.048225 0.057037
0 0.134880 0.735643 0.027219 0.084297
2 0.108946 0.704654 0.124228 0.073107
3 0.172122 0.694099 0.178619 0.090849
2 0.159862 0.667110 0.141904 0.078971
0 0.397812 0.688131 0.021366 0.069478
0 0.438668 0.710783 0.025477 0.099428
2 0.024787 0.626850 0.049574 0.069460
2 0.018500 0.623626 0.036978 0.067465