2 0.303636 0.688538 0.078532 0.082604
2 0.177557 0.690616 0.078062 0.069139
2 0.959486 0.557544 0.051020 0.050493
2 0.385365 0.685023 0.070780 0.083061
2 0.886174 0.549565 0.046838 0.044652
0 0.644482 0.583965 0.017596 0.061137
2 0.755650 0.531553 0.044307 0.037767
0 0.476312 0.658880 0.017373 0.065137
2 0.990550 0.563000 0.018900 0.046532
2 0.919842 0.554064 0.042941 0.043655
0 0.529185 0.645608 0.018531 0.060675
0 0.480044 0.656584 0.015523 0.067880
0 0.454894 0.638468 0.016626 0.060656
0 0.453604 0.663093 0.018355 0.054898
0 0.537283 0.691808 0.020363 0.049420
0 0.464403 0.637539 0.016929 0.056799
0 0.466972 0.663895 0.017115 0.061397
0 0.453004 0.643884 0.019805 0.065669
0 0.461374 0.640233 0.015835 0.065199
0 0.462013 0.665092 0.015382 0.052875
2 0.927402 0.555337 0.056551 0.046293