2 0.655664 0.605816 0.147589 0.083022
0 0.690256 0.668517 0.029143 0.096600
0 0.356634 0.587104 0.021346 0.083893
0 0.570659 0.585535 0.018822 0.069175
0 0.577604 0.614362 0.016499 0.057324
0 0.574203 0.611548 0.016555 0.051035
2 0.672844 0.566048 0.115884 0.063209
3 0.655151 0.604919 0.146738 0.088981
2 0.665788 0.586414 0.129690 0.071864
1 0.467419 0.508145 0.018279 0.040044
0 0.353050 0.588162 0.020369 0.079102
0 0.360170 0.589663 0.020225 0.083978
0 0.696219 0.671280 0.022314 0.090963
0 0.506156 0.489685 0.014372 0.058141