2 0.761534 0.599415 0.114549 0.072026
0 0.778107 0.672467 0.028598 0.097421
2 0.792234 0.569564 0.107336 0.059096
0 0.466289 0.663071 0.022233 0.085608
0 0.704482 0.607919 0.014230 0.052330
2 0.816640 0.539616 0.091557 0.051271
0 0.468807 0.680933 0.022269 0.084343
0 0.830664 0.637845 0.019738 0.082229
0 0.469716 0.692026 0.020208 0.062862
0 0.701918 0.607548 0.016860 0.053847
0 0.757930 0.663645 0.020367 0.069962
0 0.678234 0.479980 0.014691 0.053594
0 0.463608 0.668141 0.022850 0.097637
0 0.451861 0.694302 0.021571 0.050852
0 0.464601 0.654607 0.022110 0.067591
0 0.836149 0.726439 0.029494 0.096434
2 0.769151 0.584443 0.105930 0.055931
0 0.801732 0.625540 0.023075 0.078398
0 0.837228 0.715943 0.026012 0.076511
0 0.822690 0.639880 0.021304 0.076571
0 0.816857 0.638858 0.016310 0.076363