2 0.165301 0.567736 0.087273 0.071983
2 0.932203 0.718549 0.058843 0.048868
3 0.882993 0.689014 0.065543 0.054548
0 0.283082 0.588263 0.018126 0.061701
2 0.230081 0.588938 0.087587 0.078756
0 0.347021 0.603408 0.016277 0.057281
2 0.065597 0.533369 0.082208 0.061797
0 0.319344 0.604842 0.015961 0.054212
0 0.370953 0.597115 0.015415 0.050687
2 0.839613 0.667861 0.050621 0.040040
0 0.242396 0.612246 0.016385 0.053666
0 0.317465 0.593327 0.015420 0.062534
2 0.809657 0.641864 0.050743 0.043093
0 0.330765 0.542197 0.014881 0.057399
0 0.367976 0.597202 0.016674 0.053833
0 0.271815 0.585234 0.015561 0.062935
0 0.249033 0.612458 0.016824 0.058352
0 0.380407 0.638697 0.014177 0.058633