0 0.449840 0.755682 0.029524 0.104150
2 0.681690 0.656811 0.117201 0.060537
0 0.585747 0.670394 0.018395 0.078090
2 0.730998 0.607822 0.088551 0.049402
0 0.758214 0.688714 0.017915 0.077446
2 0.707651 0.634213 0.103818 0.051972
0 0.589444 0.670089 0.023168 0.082792
0 0.711322 0.711855 0.026307 0.088574
0 0.756289 0.699197 0.021851 0.083947
0 0.741340 0.684553 0.015744 0.073476
0 0.737103 0.684597 0.019825 0.072711
0 0.592503 0.661799 0.019517 0.071213
0 0.763470 0.687624 0.015317 0.070534
0 0.441567 0.750585 0.032271 0.101137
2 0.725181 0.636439 0.104484 0.051552
0 0.629121 0.671957 0.016415 0.050539
0 0.716013 0.708715 0.019485 0.085511