2 0.580834 0.585138 0.107157 0.056739
2 0.108455 0.606329 0.210580 0.119640
0 0.396313 0.642618 0.032662 0.130209
0 0.255232 0.589418 0.031629 0.121299
0 0.324231 0.606217 0.026932 0.107969
0 0.283763 0.648361 0.027563 0.076248
0 0.348587 0.625587 0.022252 0.088066
0 0.349428 0.585809 0.019384 0.079495
0 0.397807 0.619675 0.025636 0.098373
0 0.089098 0.639299 0.026661 0.092265
0 0.081127 0.637206 0.028362 0.087386
0 0.081286 0.653158 0.032162 0.097031
0 0.078417 0.663175 0.033158 0.094957
2 0.039004 0.570935 0.078008 0.076397
0 0.346931 0.599258 0.022738 0.106218
0 0.284389 0.632255 0.026123 0.092264
0 0.074731 0.670225 0.028593 0.095861
0 0.322880 0.597120 0.021263 0.095539
0 0.248010 0.564975 0.019932 0.071608
0 0.325288 0.579940 0.023788 0.078773
0 0.352202 0.581860 0.020748 0.073298
0 0.075799 0.642786 0.026956 0.095933