2 0.150887 0.550380 0.230600 0.120459
2 0.083320 0.490802 0.166634 0.096991
0 0.296002 0.582215 0.040121 0.128578
2 0.686151 0.616120 0.097482 0.074825
0 0.399379 0.641038 0.033438 0.107893
0 0.436078 0.682092 0.033597 0.099945
2 0.037661 0.433967 0.075322 0.069669
0 0.450278 0.642575 0.026951 0.095314
0 0.362603 0.633732 0.027442 0.071769
0 0.328322 0.621120 0.030346 0.075494
0 0.404622 0.587916 0.021511 0.086271
0 0.446912 0.663492 0.032079 0.137708
0 0.376997 0.594660 0.028492 0.116493
0 0.358104 0.626212 0.027695 0.081388
2 0.125127 0.520939 0.162339 0.084842
2 0.070990 0.480053 0.141981 0.081211
0 0.130220 0.579867 0.026209 0.091699
2 0.044104 0.441738 0.088070 0.079665
0 0.351867 0.612439 0.025330 0.103710
0 0.379242 0.583459 0.023717 0.094647
0 0.446347 0.637518 0.022865 0.087496
0 0.105221 0.601487 0.028835 0.083280
0 0.115998 0.598082 0.029713 0.083232
0 0.395459 0.623272 0.029593 0.107522
0 0.122886 0.576970 0.024854 0.090521
0 0.119699 0.587810 0.026828 0.098526
0 0.290140 0.612863 0.029640 0.070976
0 0.364519 0.615231 0.035657 0.105687
0 0.316674 0.551582 0.021025 0.078437
0 0.441560 0.656713 0.027715 0.126819
0 0.401703 0.598187 0.024259 0.104250
0 0.112341 0.603021 0.039623 0.082532
0 0.370549 0.597076 0.039865 0.119549