2 0.778885 0.535676 0.057603 0.041102
2 0.522436 0.503462 0.073561 0.045137
2 0.195945 0.557146 0.089997 0.065397
3 0.976139 0.604521 0.046331 0.059374
0 0.390222 0.551270 0.018719 0.063133
2 0.104689 0.538889 0.082695 0.056195
2 0.912189 0.579572 0.063153 0.049262
0 0.356927 0.553822 0.018411 0.062897
0 0.481322 0.629875 0.015397 0.069113
2 0.272133 0.571683 0.092329 0.077775
0 0.384720 0.551476 0.013260 0.066271
0 0.422176 0.575114 0.017134 0.052431
0 0.490388 0.628040 0.016069 0.073657
0 0.485771 0.629205 0.021210 0.074096
0 0.328098 0.565154 0.011168 0.054911
0 0.424253 0.570081 0.016417 0.058389
3 0.104010 0.538648 0.079897 0.056595
0 0.337356 0.563712 0.013954 0.058106
2 0.949387 0.591508 0.069262 0.047255
0 0.333888 0.560505 0.016194 0.056310
0 0.481927 0.604243 0.017554 0.062654
0 0.490019 0.612879 0.016212 0.061682
0 0.580542 0.507277 0.012809 0.043328
0 0.332264 0.566248 0.015867 0.060269
0 0.360225 0.552403 0.017958 0.060224
3 0.951704 0.592394 0.074924 0.048958
0 0.944370 0.687774 0.018652 0.055665