2 0.772980 0.530822 0.103176 0.055915
0 0.398193 0.553851 0.024833 0.089808
2 0.230582 0.548227 0.187392 0.089969
0 0.364230 0.544918 0.027417 0.109347
0 0.362160 0.555797 0.025071 0.092165
0 0.457516 0.535509 0.024929 0.099648
2 0.166129 0.524164 0.100656 0.057602
2 0.119371 0.515532 0.093852 0.060380
0 0.428698 0.547375 0.023356 0.103391
0 0.445176 0.582431 0.023147 0.088477
0 0.199251 0.585953 0.021180 0.060570
2 0.791458 0.442263 0.079346 0.038151
2 0.183629 0.530763 0.117358 0.067977
2 0.224384 0.539117 0.153364 0.072250
0 0.361368 0.538641 0.020723 0.097652
0 0.457612 0.570550 0.020474 0.090586
0 0.460870 0.572157 0.020292 0.080362
2 0.200893 0.534914 0.138776 0.070167
0 0.187136 0.582357 0.022819 0.057957
0 0.404441 0.532216 0.018296 0.088019
0 0.445312 0.565386 0.022791 0.101151
2 0.140456 0.520371 0.114032 0.057430
0 0.431659 0.562744 0.024543 0.103680
0 0.426656 0.531752 0.022308 0.087698
0 0.459293 0.550140 0.020510 0.112689