2 0.365600 0.255776 0.173070 0.099519
0 0.208921 0.496591 0.089118 0.336246
2 0.723769 0.243273 0.091696 0.060777
0 0.584921 0.273012 0.035673 0.119733
2 0.256142 0.249507 0.138239 0.088267
0 0.621323 0.268624 0.027367 0.100782
2 0.148966 0.248374 0.120193 0.076741
0 0.375613 0.284807 0.022995 0.077271
0 0.532609 0.255913 0.027560 0.121562
0 0.535474 0.274186 0.025465 0.085093
0 0.516827 0.250746 0.024214 0.105476
0 0.525187 0.271439 0.023309 0.088445
0 0.530858 0.277283 0.026100 0.078873
0 0.521507 0.247670 0.025043 0.104374
2 0.359701 0.234198 0.124943 0.062127
0 0.370378 0.297812 0.027280 0.069556
0 0.537110 0.247968 0.020652 0.107155
0 0.514661 0.260256 0.023484 0.091426
2 0.228010 0.270948 0.101675 0.063879
0 0.586602 0.259405 0.025813 0.092605
0 0.530355 0.248264 0.021694 0.106770