2 0.223296 0.623781 0.173368 0.093024
2 0.727673 0.565254 0.097805 0.058615
2 0.098919 0.565856 0.100780 0.066255
2 0.148266 0.592798 0.111153 0.072993
0 0.366332 0.650299 0.020500 0.062518
0 0.439270 0.657368 0.028788 0.103908
0 0.410839 0.637415 0.024818 0.095984
0 0.336444 0.622803 0.024973 0.110674
0 0.388407 0.619474 0.022629 0.100133
0 0.340257 0.616431 0.019366 0.102870
0 0.409391 0.622857 0.022901 0.101160
0 0.342112 0.607369 0.017613 0.089604
0 0.361263 0.650575 0.025731 0.063925
0 0.334825 0.635150 0.024993 0.090424
0 0.390668 0.606161 0.018545 0.078767
0 0.334018 0.611359 0.019887 0.086697
0 0.201380 0.650169 0.022847 0.065447
0 0.407918 0.605331 0.019296 0.069207
0 0.189310 0.668291 0.025684 0.066095
0 0.332799 0.650562 0.022121 0.063796
0 0.994618 0.600131 0.010765 0.043676
0 0.384829 0.640008 0.022724 0.068748