2 0.979311 0.790790 0.041331 0.123690
2 0.476982 0.595323 0.079745 0.051876
0 0.465615 0.631829 0.017026 0.056368
0 0.430408 0.637210 0.015670 0.048676
3 0.408866 0.476562 0.053705 0.036865
2 0.498223 0.563404 0.066009 0.040258
0 0.840327 0.718956 0.021560 0.043056
0 0.482059 0.658906 0.016076 0.057813
0 0.420444 0.620219 0.013644 0.043984
2 0.493351 0.571698 0.065731 0.043263
2 0.527240 0.547174 0.055306 0.043026
0 0.423825 0.634096 0.013817 0.052683
0 0.484950 0.657696 0.017832 0.057446
0 0.510560 0.643782 0.013834 0.049660
0 0.447785 0.598323 0.011725 0.038724
2 0.477906 0.587487 0.072970 0.040994
0 0.428286 0.633790 0.014729 0.052106