0 0.171228 0.296375 0.024695 0.096726
3 0.895609 0.355028 0.060855 0.057033
3 0.790018 0.323655 0.053740 0.048512
3 0.840838 0.345907 0.054212 0.048858
2 0.037129 0.344793 0.074259 0.090039
0 0.217125 0.307676 0.021131 0.089248
2 0.322941 0.243983 0.075998 0.044126
0 0.417996 0.242947 0.015740 0.049748
2 0.789902 0.323357 0.053538 0.047267
0 0.027588 0.506202 0.052567 0.194181
0 0.146231 0.317544 0.024420 0.093389
0 0.176169 0.293036 0.020923 0.092821
0 0.125794 0.307206 0.020723 0.087793
2 0.955856 0.388937 0.057922 0.053558
0 0.148786 0.298201 0.020288 0.080738
2 0.934698 0.380836 0.063943 0.047542
2 0.336427 0.168091 0.055177 0.034368
0 0.012393 0.386852 0.023405 0.070835
0 0.007613 0.396871 0.015226 0.075123
2 0.620190 0.271654 0.061697 0.040631
0 0.148375 0.326903 0.022352 0.075234