2 0.158173 0.522392 0.095389 0.057373
2 0.590195 0.553398 0.082002 0.046089
0 0.696024 0.727879 0.047231 0.163083
2 0.978706 0.628185 0.042588 0.047654
2 0.848758 0.593876 0.066792 0.042548
2 0.350830 0.563569 0.107291 0.076294
2 0.270031 0.546808 0.095226 0.069276
0 0.426946 0.572375 0.022513 0.081869
0 0.529551 0.587409 0.018612 0.067773
0 0.880494 0.554650 0.012428 0.038538
0 0.425463 0.590861 0.021648 0.052964
0 0.592132 0.430104 0.015398 0.047915
0 0.366913 0.585545 0.019035 0.056279
0 0.488774 0.602221 0.025375 0.088766