2 0.696395 0.515169 0.095776 0.055685
2 0.228860 0.529674 0.181879 0.088513
0 0.433091 0.522607 0.019269 0.095153
0 0.348247 0.515053 0.027844 0.098626
2 0.085239 0.501059 0.099367 0.062618
0 0.458932 0.545179 0.025968 0.106483
2 0.717017 0.429782 0.069135 0.042013
0 0.385834 0.529403 0.014861 0.062496
0 0.352739 0.511598 0.021675 0.093058
0 0.408288 0.534983 0.020535 0.066840
2 0.137613 0.506277 0.100262 0.057249
0 0.370663 0.557654 0.018795 0.052798
0 0.194598 0.569840 0.018782 0.053733
0 0.211351 0.553447 0.020620 0.068601
0 0.380222 0.556697 0.015069 0.054545
0 0.377360 0.556508 0.018050 0.052205
0 0.207802 0.563162 0.019915 0.063532
2 0.200738 0.517643 0.122422 0.070844
0 0.344799 0.507339 0.017618 0.080656
0 0.439433 0.543243 0.022738 0.102132
0 0.343143 0.521359 0.026199 0.095158
0 0.341309 0.538792 0.023492 0.067701
0 0.434682 0.509022 0.018796 0.073776
0 0.342395 0.503606 0.016990 0.074975
2 0.672872 0.415784 0.083595 0.058907
2 0.163822 0.505626 0.093108 0.055773
0 0.356552 0.501170 0.017909 0.080949
0 0.200019 0.568493 0.022834 0.058308
2 0.132217 0.516697 0.092781 0.075170
2 0.075012 0.506008 0.093022 0.055468