2 0.696119 0.542063 0.098291 0.059263
2 0.072462 0.469728 0.120600 0.066484
0 0.415338 0.530687 0.032067 0.108170
0 0.318626 0.528874 0.022479 0.098174
2 0.223598 0.510851 0.160334 0.095594
0 0.328985 0.490418 0.020216 0.078275
0 0.470449 0.535596 0.024198 0.092383
0 0.364135 0.520780 0.028090 0.111812
0 0.492001 0.654156 0.042958 0.177486
0 0.323710 0.530374 0.027039 0.096717
2 0.112116 0.494930 0.097668 0.076789
0 0.193842 0.550735 0.020721 0.070753
0 0.424089 0.526502 0.026936 0.118858
2 0.139805 0.475209 0.094137 0.057853
2 0.217868 0.496836 0.140061 0.070858
2 0.123776 0.479715 0.118931 0.070631
0 0.328595 0.519811 0.019461 0.093332
0 0.185408 0.550692 0.020461 0.069501
0 0.495314 0.551839 0.022491 0.075756
0 0.198807 0.540615 0.020450 0.078801
0 0.471196 0.572106 0.024979 0.107162
0 0.485216 0.649656 0.040335 0.168266
0 0.426257 0.494580 0.021462 0.083769
0 0.330651 0.531037 0.018593 0.092545
0 0.380529 0.513199 0.021089 0.092030
0 0.379677 0.489974 0.019632 0.063385
0 0.502001 0.649269 0.033147 0.149090