0 0.402981 0.495675 0.029225 0.096400
2 0.954789 0.506037 0.051556 0.046667
4 0.119963 0.515813 0.119396 0.093105
2 0.794491 0.495039 0.069633 0.044822
2 0.503234 0.490273 0.092156 0.047084
2 0.125471 0.516164 0.110603 0.090411
4 0.222999 0.518844 0.144867 0.105425
0 0.604190 0.538405 0.033244 0.111703
2 0.023387 0.515603 0.046611 0.076755
2 0.237173 0.509742 0.111197 0.084553
0 0.325324 0.505839 0.021971 0.103535
0 0.459123 0.509875 0.027269 0.091536
2 0.986505 0.508934 0.026991 0.048903
2 0.964432 0.508984 0.069010 0.051003
3 0.023662 0.514687 0.047325 0.078193