3 0.185012 0.530678 0.145601 0.125080
0 0.285129 0.517938 0.031999 0.098988
3 0.077643 0.491695 0.153868 0.116442
2 0.888397 0.678768 0.057088 0.048548
1 0.320807 0.575587 0.030727 0.049951
0 0.434618 0.587012 0.029622 0.096811
4 0.076017 0.491948 0.151988 0.116309
4 0.973394 0.704331 0.050429 0.061828
1 0.342708 0.561905 0.024919 0.056958
3 0.926158 0.697383 0.047666 0.045040
1 0.326177 0.574645 0.028551 0.053634
2 0.926098 0.696694 0.047669 0.043830
0 0.216384 0.586382 0.029708 0.081964
0 0.210519 0.582219 0.022708 0.075908