0 0.291726 0.504413 0.096487 0.272936
2 0.246559 0.261575 0.108035 0.065222
2 0.458553 0.276578 0.161066 0.088641
0 0.643441 0.266761 0.028267 0.101451
0 0.601908 0.266570 0.024456 0.092577
2 0.324416 0.280368 0.094064 0.067161
2 0.334569 0.273936 0.104247 0.081253
0 0.619869 0.280406 0.026066 0.101264
2 0.344912 0.261816 0.111821 0.066875
2 0.441514 0.270325 0.125620 0.081636
2 0.836860 0.183699 0.074451 0.057225
2 0.427566 0.258797 0.103314 0.059411
0 0.607427 0.275170 0.025971 0.106184
0 0.615128 0.279717 0.027314 0.102175
0 0.626583 0.271570 0.020630 0.099006
1 0.449109 0.310567 0.025278 0.054772
0 0.449356 0.313380 0.024519 0.056178
0 0.452735 0.300472 0.023241 0.068102
2 0.335805 0.258430 0.086469 0.053287