2 0.679448 0.522857 0.094743 0.050848
2 0.062788 0.533747 0.096679 0.067494
0 0.428007 0.553132 0.022000 0.095955
3 0.222710 0.559929 0.179994 0.088134
2 0.124923 0.541653 0.109598 0.074970
0 0.464330 0.567466 0.024286 0.101348
0 0.341966 0.547578 0.026339 0.104869
0 0.383057 0.551359 0.017871 0.071859
0 0.367190 0.576523 0.018960 0.063187
0 0.202700 0.590074 0.023418 0.063699
0 0.426295 0.519736 0.019250 0.068149
0 0.400543 0.547030 0.022190 0.097860
0 0.394022 0.554307 0.027347 0.087429
0 0.402743 0.522905 0.017541 0.069757
0 0.392129 0.554276 0.018998 0.084963
0 0.464221 0.538298 0.018362 0.069354
0 0.395730 0.548977 0.018814 0.084666
0 0.209958 0.586361 0.023886 0.072898
0 0.373937 0.579342 0.020320 0.069780
0 0.348820 0.546885 0.022704 0.101468
0 0.475396 0.563996 0.020867 0.103492
0 0.376729 0.570939 0.018419 0.065290
0 0.351177 0.537451 0.017959 0.085471
0 0.338661 0.543610 0.020579 0.099917
0 0.403534 0.532411 0.019405 0.090256
0 0.752442 0.398580 0.012309 0.033072
2 0.983388 0.540594 0.033224 0.050136
0 0.351744 0.521001 0.017829 0.072362
0 0.363939 0.574882 0.018529 0.057031
0 0.462726 0.557095 0.020177 0.098867