2 0.691604 0.602058 0.098023 0.061871
2 0.199471 0.573127 0.158118 0.082303
2 0.100932 0.508580 0.097128 0.052342
0 0.375910 0.626657 0.026382 0.093217
0 0.292848 0.589746 0.028242 0.097006
2 0.147032 0.540230 0.117834 0.067107
0 0.317425 0.617823 0.020654 0.058358
0 0.341093 0.589593 0.023669 0.097178
0 0.295780 0.582424 0.023415 0.097252
0 0.360788 0.619216 0.020628 0.100343
2 0.185035 0.565817 0.133989 0.063115
0 0.358687 0.609146 0.021313 0.083825
2 0.165893 0.554284 0.115568 0.063421
0 0.302772 0.575727 0.017169 0.085225
0 0.161586 0.605847 0.019155 0.055119
0 0.371253 0.622899 0.026973 0.090168
0 0.337165 0.595458 0.025636 0.091740
0 0.333482 0.608744 0.023786 0.070256