2 0.687631 0.584119 0.097261 0.067698
2 0.062944 0.423784 0.107765 0.064006
2 0.207831 0.497303 0.178799 0.094034
0 0.413949 0.545086 0.029133 0.119127
0 0.327127 0.518804 0.039154 0.112881
0 0.447329 0.572912 0.030569 0.115880
2 0.131639 0.451930 0.121158 0.063130
2 0.074813 0.429254 0.125089 0.066358
0 0.384579 0.532627 0.036639 0.109401
0 0.378536 0.538948 0.031024 0.101261
0 0.318488 0.536435 0.027434 0.082973
2 0.115961 0.446024 0.106869 0.058994
2 0.178247 0.472917 0.133453 0.069512
0 0.347708 0.554481 0.035750 0.059630
0 0.333907 0.506111 0.031023 0.103579
0 0.185789 0.516298 0.022344 0.073399
0 0.415400 0.536258 0.023458 0.104339
0 0.181802 0.513856 0.022975 0.075100
0 0.338606 0.491383 0.021690 0.078710
2 0.145270 0.460936 0.111105 0.074705
0 0.165763 0.533445 0.023878 0.060184