2 0.146084 0.550245 0.212697 0.126017
2 0.577614 0.490255 0.102499 0.053307
2 0.047102 0.530709 0.094205 0.089609
0 0.292335 0.511511 0.028164 0.121571
2 0.909590 0.508175 0.076447 0.049825
0 0.438845 0.557227 0.028458 0.097243
0 0.383922 0.534997 0.020637 0.092971
0 0.329129 0.565415 0.022795 0.068540
0 0.315449 0.539641 0.021818 0.084608
0 0.358920 0.519937 0.028014 0.112996
0 0.433518 0.554805 0.036936 0.098086
0 0.425709 0.553989 0.027705 0.083106
0 0.293264 0.536805 0.029811 0.091565
0 0.148311 0.577540 0.021264 0.088789
2 0.899771 0.503935 0.073006 0.044144
0 0.144396 0.584349 0.024105 0.096165
0 0.323573 0.561897 0.029507 0.062826
0 0.136557 0.619772 0.031637 0.131149
0 0.318919 0.560708 0.025415 0.064290
0 0.295790 0.491299 0.024102 0.083972
0 0.357831 0.501747 0.024446 0.087623
0 0.319778 0.548522 0.027548 0.084987
0 0.381431 0.509719 0.020113 0.092290
0 0.136900 0.595615 0.030070 0.100161
2 0.116101 0.536465 0.134412 0.095950