2 0.692571 0.461287 0.149311 0.075609
2 0.503536 0.374773 0.059179 0.036669
0 0.474533 0.527729 0.029091 0.102827
0 0.726448 0.590375 0.044992 0.128211
0 0.617456 0.466227 0.019606 0.059116
2 0.700169 0.413300 0.087630 0.047137
0 0.790962 0.587229 0.027339 0.121699
0 0.781131 0.591457 0.037508 0.142066
0 0.803124 0.551817 0.029056 0.129587
0 0.806675 0.539198 0.026614 0.113233
0 0.776527 0.599368 0.032171 0.127952
0 0.740427 0.598735 0.035746 0.108334
0 0.774351 0.612800 0.030029 0.100453
0 0.783813 0.555976 0.019733 0.088896
2 0.707501 0.442132 0.126410 0.060925
0 0.753556 0.530715 0.022469 0.085193
0 0.718579 0.590070 0.039809 0.128674
0 0.782066 0.579598 0.029260 0.131999
0 0.485465 0.494116 0.020564 0.076538
0 0.756958 0.535191 0.023047 0.093407
2 0.687418 0.436486 0.130133 0.052360
2 0.705566 0.418705 0.104695 0.057195
2 0.689970 0.450609 0.137941 0.066966
0 0.482036 0.505271 0.022068 0.085662
0 0.624362 0.465606 0.020469 0.058861
0 0.790734 0.558281 0.025220 0.107614
0 0.787049 0.573694 0.021134 0.118110
0 0.483587 0.484998 0.018982 0.062768
0 0.469931 0.513222 0.021184 0.084737
2 0.700307 0.406340 0.082071 0.036738
0 0.746772 0.530472 0.022958 0.088897
0 0.533374 0.377510 0.010936 0.032658
0 0.479297 0.530628 0.028448 0.102255