2 0.320176 0.842478 0.129225 0.087437
2 0.255418 0.815796 0.114980 0.078292
0 0.550484 0.923793 0.030188 0.095726
0 0.428979 0.867781 0.023907 0.089268
2 0.172389 0.775627 0.108021 0.066649
0 0.473801 0.840388 0.023985 0.076687
0 0.500723 0.849950 0.019598 0.074452
0 0.491636 0.882832 0.021574 0.087632
0 0.314347 0.875076 0.021910 0.057030
0 0.140878 0.722243 0.014750 0.047384
0 0.131589 0.722086 0.014538 0.046352
0 0.449383 0.856482 0.019406 0.065107
0 0.452912 0.858085 0.019906 0.065741
0 0.496718 0.847257 0.017892 0.072783
0 0.138157 0.721701 0.016208 0.046414
0 0.443569 0.853407 0.016945 0.068704
0 0.555095 0.917104 0.024230 0.085212
2 0.941839 0.722111 0.065498 0.049012