2 0.979307 0.573494 0.040580 0.047906
2 0.532121 0.506703 0.103079 0.049125
2 0.119674 0.553326 0.149340 0.104616
2 0.233745 0.568166 0.155056 0.118220
2 0.821206 0.541916 0.059417 0.035891
3 0.118818 0.554595 0.150151 0.106156
0 0.339196 0.542823 0.024348 0.086920
0 0.494158 0.572589 0.024674 0.092131
0 0.305514 0.568607 0.019823 0.064777
0 0.265784 0.600222 0.022706 0.090468
0 0.250384 0.611028 0.020753 0.067250
2 0.816393 0.536399 0.059232 0.037315
2 0.026231 0.523097 0.052397 0.080678
0 0.427378 0.544057 0.020664 0.089202
0 0.379796 0.583347 0.025830 0.061188
3 0.026616 0.521505 0.053007 0.078320
2 0.810908 0.532793 0.064556 0.033516
0 0.260015 0.598405 0.027164 0.093314
0 0.338154 0.530821 0.022000 0.091790
2 0.984835 0.662439 0.030330 0.065261
2 0.802565 0.529047 0.063668 0.031915
0 0.341907 0.534622 0.024905 0.097080
0 0.387735 0.581537 0.021555 0.060197
0 0.254051 0.608054 0.021896 0.077052
0 0.498261 0.564168 0.020251 0.082803
0 0.427079 0.527281 0.019522 0.065369