2 0.309243 0.712425 0.108583 0.084632
2 0.196188 0.694938 0.095458 0.070161
2 0.389539 0.723804 0.106886 0.093628
0 0.492290 0.708516 0.022330 0.078438
0 0.759416 0.666058 0.024642 0.076440
0 0.468663 0.705192 0.016595 0.065047
0 0.481543 0.682901 0.019083 0.067149
0 0.564875 0.693750 0.019449 0.075911
0 0.483787 0.687987 0.018038 0.066576
0 0.470277 0.691028 0.015349 0.068456
0 0.496923 0.703318 0.020707 0.084488
0 0.749821 0.689823 0.024974 0.057789
0 0.495354 0.694560 0.019513 0.072652
0 0.762738 0.671366 0.022273 0.081422
0 0.486888 0.716359 0.018317 0.063747
0 0.401790 0.748446 0.018275 0.057216
0 0.476763 0.681958 0.021211 0.062861
0 0.380421 0.752975 0.027359 0.069307
0 0.488516 0.702969 0.017982 0.075057
0 0.376086 0.754633 0.024577 0.069245
0 0.491245 0.682438 0.021945 0.065964