2 0.300171 0.630787 0.089469 0.074228
2 0.181099 0.624672 0.085411 0.065462
2 0.920532 0.550233 0.038965 0.041699
2 0.794613 0.531690 0.049867 0.039516
2 0.380137 0.633076 0.086090 0.081120
2 0.554583 0.535312 0.081876 0.039229
0 0.447965 0.618800 0.015891 0.059499
0 0.533246 0.604915 0.017077 0.059136
0 0.682092 0.579251 0.019680 0.058948
0 0.675847 0.580798 0.018498 0.053936
0 0.464125 0.604121 0.017671 0.069636
0 0.685593 0.578258 0.017262 0.056666
0 0.450536 0.615235 0.016146 0.061847
0 0.477711 0.615982 0.015166 0.063299
0 0.459218 0.602854 0.014644 0.069475
0 0.494473 0.619561 0.015459 0.063124
2 0.963879 0.554822 0.051688 0.043731
0 0.468248 0.610264 0.018325 0.067416
0 0.568509 0.623064 0.015087 0.058549
2 0.984958 0.557825 0.030083 0.051936
3 0.977723 0.557687 0.044555 0.051058
0 0.380958 0.647208 0.020944 0.061273
0 0.492489 0.640096 0.015776 0.048026
0 0.495564 0.610181 0.014919 0.070346
0 0.485629 0.622735 0.015070 0.057082
0 0.744523 0.531646 0.011834 0.033424