0 0.268421 0.920465 0.013756 0.035888
0 0.494130 0.800913 0.011167 0.026873
0 0.477576 0.793004 0.013294 0.032586
0 0.353170 0.872834 0.015789 0.031017
0 0.519953 0.849605 0.013300 0.029540
0 0.313757 0.783704 0.011956 0.032083
0 0.352496 0.861822 0.015551 0.038752
0 0.642967 0.716693 0.010800 0.032350
0 0.319061 0.981508 0.019226 0.034791
0 0.342172 0.985577 0.023145 0.027443
0 0.642537 0.719863 0.013121 0.034688
0 0.408732 0.798389 0.012915 0.028411
0 0.508486 0.799209 0.011058 0.029928
0 0.519553 0.860849 0.014767 0.028303
0 0.541728 0.858979 0.015596 0.031202
0 0.494361 0.971613 0.016576 0.044873
0 0.281636 0.885027 0.013747 0.034989
0 0.281140 0.879895 0.012839 0.032783