2 0.147714 0.571490 0.206697 0.109255
2 0.651390 0.535119 0.096125 0.058057
0 0.377274 0.581692 0.026645 0.109345
2 0.066225 0.541858 0.131697 0.088077
0 0.421625 0.600280 0.028514 0.131707
0 0.281023 0.568192 0.033610 0.121711
0 0.348825 0.564565 0.025927 0.119444
0 0.376023 0.541918 0.020511 0.080646
0 0.345491 0.572721 0.029347 0.110778
0 0.313043 0.596325 0.034929 0.067912
2 0.128638 0.566661 0.152864 0.104737
2 0.021687 0.518220 0.043374 0.070387
2 0.030642 0.518964 0.061285 0.069626
0 0.422907 0.583510 0.022370 0.101648
0 0.378082 0.565643 0.023622 0.116407
0 0.419528 0.573981 0.021246 0.084759
0 0.117692 0.620005 0.027845 0.096062
0 0.351028 0.547113 0.020896 0.088293
0 0.281162 0.548833 0.037109 0.120846
0 0.132168 0.620276 0.028270 0.101285
0 0.281257 0.530093 0.034389 0.085321
0 0.120413 0.630651 0.036325 0.099256
0 0.136447 0.609994 0.024974 0.095834