2 0.693629 0.664904 0.093562 0.071664
2 0.225512 0.615099 0.166554 0.086212
2 0.166457 0.566092 0.134298 0.072260
0 0.424122 0.705545 0.029687 0.092153
2 0.114624 0.511159 0.107020 0.056955
0 0.352644 0.677545 0.024662 0.055017
0 0.391986 0.655484 0.029542 0.075159
0 0.411828 0.662392 0.025273 0.068720
0 0.342157 0.619114 0.030587 0.075866
2 0.184052 0.567792 0.134838 0.061446
0 0.396045 0.649996 0.026912 0.079035
2 0.205744 0.602581 0.127824 0.075037
0 0.335150 0.622190 0.024222 0.079263
0 0.406873 0.657146 0.026668 0.075039
0 0.371144 0.650905 0.021330 0.069427
0 0.400369 0.640429 0.025882 0.079925
0 0.359674 0.675317 0.019996 0.050123
0 0.198246 0.652425 0.021105 0.057370
0 0.346830 0.617845 0.025579 0.077471
0 0.413167 0.649923 0.022181 0.069526
0 0.781180 0.690272 0.016562 0.049068
2 0.198426 0.579166 0.119416 0.064196
0 0.338138 0.611672 0.024850 0.069432
0 0.397782 0.660018 0.029591 0.074583