2 0.900880 0.849069 0.197520 0.199047
2 0.985208 0.221002 0.028006 0.029582
2 0.947936 0.219037 0.027117 0.033373
0 0.527688 0.581691 0.019385 0.061740
2 0.913127 0.282792 0.026962 0.027044
2 0.940469 0.283744 0.031466 0.028222
2 0.928434 0.283838 0.054074 0.028496
0 0.610151 0.576391 0.023123 0.055402
2 0.989716 0.102446 0.017813 0.016016
2 0.986107 0.101422 0.024601 0.017243
2 0.984028 0.094050 0.028147 0.028469
2 0.983196 0.158377 0.026519 0.019860
2 0.875882 0.281902 0.035779 0.027455
2 0.912247 0.157170 0.027183 0.020867