2 0.303467 0.586105 0.161458 0.090316
2 0.719986 0.489143 0.088933 0.050243
2 0.220499 0.571756 0.116006 0.084278
2 0.152000 0.548837 0.105988 0.066871
0 0.513047 0.590671 0.023633 0.089805
0 0.444518 0.560923 0.017023 0.057678
0 0.433387 0.591073 0.017391 0.048166
0 0.408289 0.553858 0.022717 0.078371
0 0.486922 0.558470 0.015527 0.078760
0 0.411550 0.551122 0.019310 0.072849
0 0.290293 0.625390 0.026481 0.066401
0 0.469953 0.557265 0.020130 0.076712
0 0.468477 0.537881 0.017613 0.065742
0 0.487256 0.544823 0.014701 0.069953
0 0.405331 0.540379 0.017205 0.074098
2 0.286166 0.579182 0.111390 0.076554
0 0.485050 0.565015 0.019769 0.073586
0 0.415062 0.540450 0.016377 0.068029
0 0.436695 0.593051 0.021275 0.051763
0 0.512120 0.574405 0.017551 0.070570
0 0.287813 0.632566 0.025625 0.069016
0 0.443297 0.583504 0.017632 0.056049
0 0.400931 0.530974 0.015202 0.055470
0 0.408097 0.523271 0.015024 0.047180
0 0.296156 0.622613 0.021380 0.066611