2 0.815837 0.455389 0.077424 0.044006
2 0.519154 0.475220 0.084683 0.044307
3 0.096305 0.528306 0.087155 0.057563
3 0.972692 0.458485 0.053474 0.049547
0 0.159573 0.602847 0.030328 0.064506
0 0.336602 0.564412 0.025933 0.047387
2 0.201677 0.514233 0.096353 0.049805
0 0.152629 0.603626 0.035779 0.066674
0 0.307667 0.507647 0.017159 0.051953
0 0.395186 0.523918 0.023994 0.061937
2 0.102284 0.527837 0.073176 0.054951
3 0.078041 0.557281 0.071510 0.053917
0 0.137711 0.628547 0.021688 0.054673
0 0.388738 0.524055 0.025200 0.058838
0 0.398557 0.519888 0.021594 0.069336
0 0.398815 0.501851 0.016203 0.052252
0 0.319380 0.470642 0.013440 0.036185
0 0.332790 0.499240 0.014033 0.046686
0 0.331465 0.505637 0.015433 0.051778
3 0.200604 0.545205 0.112045 0.065134