2 0.936202 0.627834 0.091019 0.064832
0 0.721827 0.669576 0.039377 0.129073
2 0.305238 0.502006 0.108863 0.061503
0 0.679236 0.646501 0.033932 0.116536
0 0.586816 0.634729 0.032614 0.118659
0 0.749625 0.642251 0.027979 0.115467
2 0.456056 0.574521 0.159658 0.083948
2 0.367091 0.535341 0.128355 0.063399
0 0.480727 0.631644 0.026053 0.106402
2 0.442730 0.562889 0.124331 0.062903
0 0.486662 0.631198 0.029791 0.108082
0 0.576881 0.640291 0.030391 0.102052
2 0.427682 0.558987 0.114054 0.060006
0 0.479534 0.620813 0.020671 0.082971
2 0.349078 0.531148 0.099059 0.061931
0 0.419489 0.611625 0.020102 0.056833
0 0.368127 0.617829 0.023289 0.082138
0 0.492636 0.628194 0.022985 0.104159
0 0.727975 0.657873 0.027647 0.122296
0 0.595492 0.606299 0.022530 0.085454
0 0.976897 0.972090 0.046206 0.055820
0 0.591016 0.616789 0.030274 0.106276