2 0.661990 0.580591 0.103208 0.066945
2 0.155755 0.502894 0.174033 0.090813
0 0.340923 0.521880 0.018813 0.082540
2 0.047599 0.446625 0.095061 0.057496
0 0.316946 0.531737 0.026818 0.098835
0 0.261425 0.520457 0.028772 0.107796
0 0.267802 0.514584 0.024222 0.100563
2 0.094414 0.471242 0.116790 0.067982
0 0.258190 0.533209 0.027510 0.086308
0 0.363640 0.561022 0.031504 0.113185
0 0.335188 0.540287 0.021905 0.093495
0 0.359820 0.572154 0.026032 0.089870
0 0.289939 0.558125 0.022373 0.060382
2 0.115850 0.473506 0.114946 0.065192
0 0.321513 0.518620 0.019961 0.079366
2 0.081736 0.465963 0.103753 0.065391
0 0.339082 0.529045 0.023901 0.088821
0 0.332248 0.521708 0.017433 0.083811
0 0.270186 0.506391 0.022350 0.082378
0 0.273452 0.503143 0.019477 0.078658
0 0.325326 0.515649 0.018277 0.071774
0 0.263318 0.510829 0.023401 0.091652
0 0.309384 0.543502 0.025497 0.079559
0 0.312124 0.534340 0.027562 0.096182
0 0.319022 0.523923 0.020772 0.091107
0 0.115259 0.533645 0.025969 0.060119
0 0.357967 0.541226 0.020395 0.077525
0 0.128152 0.529583 0.022239 0.058262
0 0.285600 0.554019 0.028261 0.059752