2 0.118079 0.601907 0.135016 0.077103
2 0.345055 0.645760 0.190994 0.118007
2 0.720402 0.596640 0.085489 0.049645
2 0.228414 0.626921 0.146190 0.098993
0 0.473119 0.620392 0.028600 0.111997
0 0.354070 0.683597 0.028262 0.103401
3 0.228870 0.628195 0.147676 0.103237
0 0.566550 0.630890 0.019852 0.097407
0 0.507136 0.659987 0.028711 0.058441
0 0.351364 0.697553 0.030123 0.094161
1 0.517304 0.662695 0.022177 0.058091
1 0.507559 0.659885 0.027141 0.056708
2 0.361679 0.637841 0.154450 0.088497
0 0.538988 0.644708 0.024743 0.063921