2 0.757145 0.627335 0.104007 0.076504
2 0.738082 0.661839 0.104314 0.081412
2 0.633498 0.471954 0.059642 0.041586
2 0.773259 0.571816 0.069950 0.052834
0 0.450839 0.663729 0.018196 0.063010
0 0.745943 0.748242 0.017508 0.054665
0 0.572432 0.496199 0.011580 0.039798
0 0.629992 0.415102 0.010437 0.031388
0 0.681109 0.618797 0.015001 0.045800
0 0.574333 0.493736 0.013848 0.042953
0 0.447562 0.669339 0.017055 0.057143
0 0.443842 0.670651 0.017782 0.056794
0 0.436114 0.671790 0.017068 0.049261
0 0.440025 0.671631 0.020562 0.054875
0 0.571615 0.488372 0.011526 0.038125
0 0.644569 0.415299 0.009978 0.031113