2 0.364378 0.558222 0.179172 0.085789
2 0.893627 0.526612 0.093013 0.052487
0 0.473845 0.533928 0.025177 0.090834
2 0.271963 0.537269 0.112790 0.058681
0 0.332427 0.589783 0.020032 0.055467
0 0.500101 0.581930 0.024730 0.058940
0 0.335003 0.589810 0.019718 0.062398
0 0.562029 0.581407 0.023572 0.085567
2 0.309424 0.548259 0.136854 0.072828
2 0.290346 0.540897 0.132255 0.063697
0 0.549439 0.536911 0.020433 0.071230
2 0.884934 0.523263 0.077079 0.044727
0 0.469823 0.536436 0.025325 0.094899
0 0.322543 0.588117 0.020800 0.058250
0 0.550625 0.557347 0.023088 0.107779
0 0.547116 0.547726 0.021829 0.077057