2 0.104997 0.503487 0.168627 0.105399
2 0.497911 0.514890 0.091843 0.061157
2 0.974572 0.667582 0.050275 0.053219
0 0.299035 0.536096 0.021214 0.066946
0 0.332731 0.566777 0.023620 0.068612
2 0.041679 0.467364 0.083359 0.079894
2 0.812189 0.599544 0.074750 0.051293
0 0.091479 0.556902 0.026898 0.084835
0 0.214930 0.498504 0.026862 0.088509
0 0.339459 0.524923 0.018325 0.057916
2 0.508588 0.428605 0.079537 0.059605
0 0.337268 0.566974 0.024508 0.067415
0 0.219086 0.491776 0.025093 0.088183
0 0.227472 0.482418 0.019736 0.082880
0 0.303347 0.495660 0.017012 0.059383
0 0.245702 0.543631 0.025305 0.056367
0 0.275721 0.529969 0.024078 0.058801
0 0.211218 0.514580 0.023920 0.068131
0 0.100626 0.534712 0.023036 0.084784
0 0.229238 0.470242 0.017739 0.066251
2 0.054620 0.466865 0.109239 0.072015
0 0.301460 0.510209 0.021327 0.078997
0 0.088446 0.543349 0.024667 0.061677
0 0.213173 0.490830 0.020825 0.087318
0 0.215412 0.474613 0.024587 0.069137
1 0.275092 0.530414 0.025680 0.059275
0 0.222100 0.473526 0.026251 0.072773