2 0.214735 0.698344 0.161902 0.088535
2 0.815315 0.653982 0.100151 0.057582
2 0.288394 0.737163 0.207632 0.096894
2 0.163528 0.651848 0.129778 0.068889
0 0.423968 0.711259 0.032274 0.107780
0 0.538211 0.787399 0.029634 0.112759
2 0.265649 0.729277 0.163437 0.095287
0 0.499130 0.725534 0.028924 0.112504
1 0.450848 0.767668 0.027454 0.058252
0 0.517765 0.737011 0.022297 0.094390
2 0.211704 0.690850 0.135494 0.073313
0 0.520545 0.751698 0.025303 0.071792
0 0.470107 0.730157 0.017082 0.068138
0 0.495247 0.731538 0.027111 0.095397
0 0.500796 0.714354 0.024149 0.092615
0 0.552801 0.792076 0.023521 0.089503
0 0.531244 0.772398 0.022036 0.095826
0 0.510621 0.732830 0.031820 0.104885
0 0.517533 0.724305 0.019098 0.098178
0 0.528138 0.758936 0.020356 0.070311
0 0.433315 0.699531 0.020610 0.091103
0 0.254603 0.780174 0.026512 0.079005