2 0.774939 0.554649 0.096916 0.052022
0 0.479813 0.595281 0.031548 0.124308
2 0.129322 0.589827 0.100986 0.060382
0 0.543076 0.743546 0.046332 0.195855
0 0.391784 0.615572 0.025254 0.106827
0 0.429232 0.600540 0.028397 0.112771
2 0.283051 0.594275 0.126224 0.055215
0 0.381141 0.618376 0.022022 0.096043
0 0.529751 0.601764 0.023168 0.084613
0 0.429813 0.611967 0.024528 0.093984
0 0.418703 0.603668 0.022813 0.105241
2 0.192724 0.591010 0.110573 0.063968
0 0.390738 0.592668 0.023547 0.094605
0 0.254765 0.662695 0.019541 0.060876
2 0.206990 0.586428 0.091928 0.053423
0 0.250612 0.662140 0.023763 0.061560
0 0.248344 0.649877 0.019749 0.058916
0 0.533947 0.614525 0.027216 0.105692
2 0.287754 0.604036 0.140073 0.071612
0 0.253542 0.629608 0.017700 0.065421
0 0.434621 0.584454 0.021675 0.092602
0 0.262265 0.645633 0.022519 0.064067
0 0.254130 0.648880 0.022431 0.076099
0 0.434872 0.571238 0.019693 0.068763
2 0.176804 0.609682 0.097175 0.079260
0 0.550005 0.735181 0.044678 0.190281
2 0.127464 0.579594 0.096074 0.053495
0 0.537127 0.631455 0.026638 0.093934
2 0.291165 0.616964 0.149186 0.084188
0 0.527316 0.700042 0.026821 0.122495