2 0.210980 0.521285 0.077655 0.076252
2 0.150045 0.521235 0.078420 0.076192
2 0.055529 0.526119 0.067584 0.064837
2 0.900317 0.476788 0.056483 0.044644
3 0.848517 0.458241 0.063784 0.050518
2 0.809000 0.444304 0.053064 0.039707
2 0.776256 0.427909 0.056838 0.041070
0 0.392788 0.497532 0.019332 0.069024
0 0.370891 0.496029 0.018130 0.063686
0 0.439541 0.653541 0.027062 0.096022
0 0.436515 0.640532 0.022653 0.078880
2 0.647883 0.379626 0.053786 0.042010
0 0.441880 0.643170 0.022643 0.081568
0 0.280296 0.474299 0.014902 0.046552
0 0.343573 0.506630 0.016101 0.051157
0 0.436963 0.661761 0.024310 0.084474
0 0.375772 0.500689 0.014865 0.066061
0 0.595768 0.378297 0.011570 0.031153
0 0.357015 0.501900 0.014742 0.054096
0 0.366316 0.496121 0.018714 0.063423
0 0.343690 0.473763 0.015378 0.044762
0 0.395955 0.487582 0.021532 0.055406