2 0.147155 0.534610 0.175100 0.092685
2 0.084886 0.487816 0.144449 0.082393
2 0.037596 0.436825 0.075045 0.061939
0 0.368299 0.616009 0.029519 0.102285
0 0.323938 0.571868 0.027050 0.080923
2 0.594670 0.584255 0.090275 0.069876
0 0.277837 0.540010 0.026132 0.096503
2 0.072274 0.479138 0.119003 0.068591
0 0.343690 0.582137 0.022787 0.079858
2 0.132945 0.516325 0.142334 0.074800
0 0.369925 0.608677 0.022149 0.087185
0 0.289638 0.574429 0.028121 0.082102
0 0.281617 0.534068 0.024571 0.091181
0 0.336918 0.544190 0.020338 0.063719
0 0.347623 0.558295 0.022328 0.073267
0 0.287204 0.525611 0.021271 0.074694
0 0.126974 0.569290 0.024801 0.073131
0 0.339104 0.579557 0.027631 0.084751
0 0.293133 0.569346 0.021537 0.075923
0 0.340972 0.553430 0.020499 0.073328
0 0.329862 0.562649 0.024099 0.087263
0 0.283930 0.586238 0.028166 0.059457
0 0.132737 0.564626 0.023103 0.077715