2 0.287999 0.503086 0.129080 0.068061
2 0.169829 0.461145 0.086859 0.051275
2 0.216082 0.480234 0.090382 0.056664
2 0.709738 0.545378 0.090085 0.059111
0 0.408044 0.525067 0.019351 0.079278
0 0.427936 0.524616 0.022460 0.070682
0 0.458014 0.508494 0.018605 0.061499
0 0.446305 0.546063 0.019180 0.073217
0 0.417382 0.522340 0.013380 0.081297
0 0.414038 0.516736 0.018518 0.070683
0 0.432542 0.519477 0.019986 0.075577
0 0.258944 0.527109 0.018893 0.049297
0 0.422233 0.524406 0.014762 0.076412
0 0.449692 0.547039 0.021390 0.076978
0 0.443633 0.540557 0.015501 0.072692
2 0.256459 0.493796 0.094090 0.061255
0 0.453600 0.551476 0.020940 0.066335
0 0.438101 0.511121 0.015514 0.063011
0 0.441754 0.521631 0.013540 0.074237
0 0.455058 0.518557 0.018680 0.070433
0 0.421694 0.528618 0.019685 0.078454
0 0.854102 0.539446 0.018995 0.083032