2 0.451308 0.689810 0.086905 0.058755
0 0.328231 0.814392 0.028874 0.104061
0 0.064323 0.832767 0.028985 0.098879
0 0.191632 0.728747 0.029824 0.101408
2 0.945349 0.795950 0.060458 0.054002
0 0.276765 0.754803 0.021399 0.098585
3 0.077667 0.760890 0.155333 0.128844
2 0.078011 0.761018 0.154561 0.130162
2 0.766659 0.743491 0.072771 0.048588
3 0.983078 0.811344 0.033845 0.058649
2 0.982858 0.810930 0.034284 0.057081
4 0.949275 0.944673 0.101450 0.110124
0 0.249906 0.773212 0.022988 0.067415
0 0.317308 0.776055 0.025613 0.073920
3 0.029587 0.696580 0.059175 0.088090
2 0.029760 0.694296 0.059350 0.087649
0 0.828258 0.607010 0.015380 0.059054