2 0.104847 0.751551 0.144701 0.125167
2 0.220561 0.775085 0.159448 0.137494
2 0.529782 0.624614 0.090350 0.048489
0 0.482500 0.748588 0.023601 0.104766
0 0.328213 0.710624 0.027191 0.102449
0 0.415768 0.720961 0.023644 0.083632
2 0.023303 0.711550 0.046607 0.072550
1 0.370649 0.759221 0.030843 0.054259
0 0.240735 0.823152 0.026591 0.078264
2 0.987224 0.628622 0.025553 0.055720
0 0.324028 0.702195 0.020126 0.079607
0 0.389906 0.732068 0.025610 0.065297
3 0.987506 0.626911 0.024784 0.060085
0 0.411384 0.710451 0.019950 0.086782
2 0.831771 0.618748 0.063021 0.045360
0 0.411794 0.696475 0.019171 0.063276
0 0.865902 0.480103 0.016574 0.055024
0 0.333444 0.706427 0.023641 0.096553